/*--------------------------------*- C++ -*----------------------------------*\
| =========                 |                                                 |
| \\      /  F ield         | OpenFOAM: The Open Source CFD Toolbox           |
|  \\    /   O peration     | Version:  2.1.x                                 |
|   \\  /    A nd           | Web:      www.OpenFOAM.org                      |
|    \\/     M anipulation  |                                                 |
\*---------------------------------------------------------------------------*/
FoamFile
{
    version     2.0;
    format      ascii;
    class       dictionary;
    object      sampleDict;
}
// * * * * * * * * * * * * * * * * * * * * * * * * * * * * * * * * * * * * //
setFormat raw;

surfaceFormat raw;

formatOptions
{
    ensight
    {
        format  ascii;
    }
}

interpolationScheme cellPatchConstrained;

fields
(
    p
    U
);
sets
(
    somePoints_0.225
    {
        type    cloud;
        axis    xyz;
        points  (
                 (0.0 0.225 0.00500806240849)
                 (0.0 0.225 0.00600806240849)
                 (0.0 0.225 0.00800806240849)
                 (0.0 0.225 0.0100080624085)
                 (0.0 0.225 0.0120080624085)
                 (0.0 0.225 0.0150080624085)
                 (0.0 0.225 0.0200080624085)
                 (0.0 0.225 0.0250080624085)
                 (0.0 0.225 0.0300080624085)
                 (0.0 0.225 0.0350080624085)
                 (0.0 0.225 0.0400080624085)
                 (0.0 0.225 0.0500080624085)
                 (0.0 0.225 0.0600080624085)
                 (0.0 0.225 0.0700080624085)
                 (0.0 0.225 0.0800080624085)
                 (0.0 0.225 0.100008062408)
                 (0.0 0.225 0.120008062408)
                 (0.0 0.225 0.150008062408)
                 (0.0 0.225 0.200008062408)
                 (0.0 0.225 0.250008062408)
                 (0.0 0.225 0.300008062408)
                 (0.0 0.225 0.350008062408)
                 (0.0 0.225 0.400008062408)
                 (0.0 0.225 0.450008062408)
                 (0.0 0.225 0.500008062408)
                 (0.04 0.225 0.00513620819861)
                 (0.04 0.225 0.00613620819861)
                 (0.04 0.225 0.00813620819861)
                 (0.04 0.225 0.0101362081986)
                 (0.04 0.225 0.0121362081986)
                 (0.04 0.225 0.0151362081986)
                 (0.04 0.225 0.0201362081986)
                 (0.04 0.225 0.0251362081986)
                 (0.04 0.225 0.0301362081986)
                 (0.04 0.225 0.0351362081986)
                 (0.04 0.225 0.0401362081986)
                 (0.04 0.225 0.0501362081986)
                 (0.04 0.225 0.0601362081986)
                 (0.04 0.225 0.0701362081986)
                 (0.04 0.225 0.0801362081986)
                 (0.04 0.225 0.100136208199)
                 (0.04 0.225 0.120136208199)
                 (0.04 0.225 0.150136208199)
                 (0.04 0.225 0.200136208199)
                 (0.04 0.225 0.250136208199)
                 (0.04 0.225 0.300136208199)
                 (0.04 0.225 0.350136208199)
                 (0.04 0.225 0.400136208199)
                 (0.04 0.225 0.450136208199)
                 (0.04 0.225 0.500136208199)
                 (0.08 0.225 0.00556440905901)
                 (0.08 0.225 0.00656440905901)
                 (0.08 0.225 0.00856440905901)
                 (0.08 0.225 0.010564409059)
                 (0.08 0.225 0.012564409059)
                 (0.08 0.225 0.015564409059)
                 (0.08 0.225 0.020564409059)
                 (0.08 0.225 0.025564409059)
                 (0.08 0.225 0.030564409059)
                 (0.08 0.225 0.035564409059)
                 (0.08 0.225 0.040564409059)
                 (0.08 0.225 0.050564409059)
                 (0.08 0.225 0.060564409059)
                 (0.08 0.225 0.070564409059)
                 (0.08 0.225 0.080564409059)
                 (0.08 0.225 0.100564409059)
                 (0.08 0.225 0.120564409059)
                 (0.08 0.225 0.150564409059)
                 (0.08 0.225 0.200564409059)
                 (0.08 0.225 0.250564409059)
                 (0.08 0.225 0.300564409059)
                 (0.08 0.225 0.350564409059)
                 (0.08 0.225 0.400564409059)
                 (0.08 0.225 0.450564409059)
                 (0.08 0.225 0.500564409059)
                 (0.12 0.225 0.00625458240739)
                 (0.12 0.225 0.00725458240739)
                 (0.12 0.225 0.00925458240739)
                 (0.12 0.225 0.0112545824074)
                 (0.12 0.225 0.0132545824074)
                 (0.12 0.225 0.0162545824074)
                 (0.12 0.225 0.0212545824074)
                 (0.12 0.225 0.0262545824074)
                 (0.12 0.225 0.0312545824074)
                 (0.12 0.225 0.0362545824074)
                 (0.12 0.225 0.0412545824074)
                 (0.12 0.225 0.0512545824074)
                 (0.12 0.225 0.0612545824074)
                 (0.12 0.225 0.0712545824074)
                 (0.12 0.225 0.0812545824074)
                 (0.12 0.225 0.101254582407)
                 (0.12 0.225 0.121254582407)
                 (0.12 0.225 0.151254582407)
                 (0.12 0.225 0.201254582407)
                 (0.12 0.225 0.251254582407)
                 (0.12 0.225 0.301254582407)
                 (0.12 0.225 0.351254582407)
                 (0.12 0.225 0.401254582407)
                 (0.12 0.225 0.451254582407)
                 (0.12 0.225 0.501254582407)
                 (0.16 0.225 0.00752112750243)
                 (0.16 0.225 0.00852112750243)
                 (0.16 0.225 0.0105211275024)
                 (0.16 0.225 0.0125211275024)
                 (0.16 0.225 0.0145211275024)
                 (0.16 0.225 0.0175211275024)
                 (0.16 0.225 0.0225211275024)
                 (0.16 0.225 0.0275211275024)
                 (0.16 0.225 0.0325211275024)
                 (0.16 0.225 0.0375211275024)
                 (0.16 0.225 0.0425211275024)
                 (0.16 0.225 0.0525211275024)
                 (0.16 0.225 0.0625211275024)
                 (0.16 0.225 0.0725211275024)
                 (0.16 0.225 0.0825211275024)
                 (0.16 0.225 0.102521127502)
                 (0.16 0.225 0.122521127502)
                 (0.16 0.225 0.152521127502)
                 (0.16 0.225 0.202521127502)
                 (0.16 0.225 0.252521127502)
                 (0.16 0.225 0.302521127502)
                 (0.16 0.225 0.352521127502)
                 (0.16 0.225 0.402521127502)
                 (0.16 0.225 0.452521127502)
                 (0.16 0.225 0.502521127502)
                 (0.2 0.225 0.00885800958332)
                 (0.2 0.225 0.00985800958332)
                 (0.2 0.225 0.0118580095833)
                 (0.2 0.225 0.0138580095833)
                 (0.2 0.225 0.0158580095833)
                 (0.2 0.225 0.0188580095833)
                 (0.2 0.225 0.0238580095833)
                 (0.2 0.225 0.0288580095833)
                 (0.2 0.225 0.0338580095833)
                 (0.2 0.225 0.0388580095833)
                 (0.2 0.225 0.0438580095833)
                 (0.2 0.225 0.0538580095833)
                 (0.2 0.225 0.0638580095833)
                 (0.2 0.225 0.0738580095833)
                 (0.2 0.225 0.0838580095833)
                 (0.2 0.225 0.103858009583)
                 (0.2 0.225 0.123858009583)
                 (0.2 0.225 0.153858009583)
                 (0.2 0.225 0.203858009583)
                 (0.2 0.225 0.253858009583)
                 (0.2 0.225 0.303858009583)
                 (0.2 0.225 0.353858009583)
                 (0.2 0.225 0.404662513368)
                 (0.2 0.225 0.454662513368)
                 (0.2 0.225 0.504662513368)
                 (0.24 0.225 0.0115403615596)
                 (0.24 0.225 0.0125403615596)
                 (0.24 0.225 0.0145403615596)
                 (0.24 0.225 0.0165403615596)
                 (0.24 0.225 0.0185403615596)
                 (0.24 0.225 0.0215403615596)
                 (0.24 0.225 0.0265403615596)
                 (0.24 0.225 0.0315403615596)
                 (0.24 0.225 0.0365403615596)
                 (0.24 0.225 0.0415403615596)
                 (0.24 0.225 0.0465403615596)
                 (0.24 0.225 0.0565403615596)
                 (0.24 0.225 0.0665403615596)
                 (0.24 0.225 0.0765403615596)
                 (0.24 0.225 0.0865403615596)
                 (0.24 0.225 0.10654036156)
                 (0.24 0.225 0.12654036156)
                 (0.24 0.225 0.15654036156)
                 (0.24 0.225 0.20654036156)
                 (0.24 0.225 0.25654036156)
                 (0.24 0.225 0.30654036156)
                 (0.24 0.225 0.35654036156)
                 (0.24 0.225 0.40654036156)
                 (0.24 0.225 0.45654036156)
                 (0.24 0.225 0.50654036156)
                 (0.28 0.225 0.0155710420746)
                 (0.28 0.225 0.0165710420746)
                 (0.28 0.225 0.0185710420746)
                 (0.28 0.225 0.0205710420746)
                 (0.28 0.225 0.0225710420746)
                 (0.28 0.225 0.0255710420746)
                 (0.28 0.225 0.0305710420746)
                 (0.28 0.225 0.0355710420746)
                 (0.28 0.225 0.0405710420746)
                 (0.28 0.225 0.0455710420746)
                 (0.28 0.225 0.0505710420746)
                 (0.28 0.225 0.0605710420746)
                 (0.28 0.225 0.0705710420746)
                 (0.28 0.225 0.0805710420746)
                 (0.28 0.225 0.0905710420746)
                 (0.28 0.225 0.110571042075)
                 (0.28 0.225 0.130571042075)
                 (0.28 0.225 0.160571042075)
                 (0.28 0.225 0.210571042075)
                 (0.28 0.225 0.260571042075)
                 (0.28 0.225 0.310571042075)
                 (0.28 0.225 0.360571042075)
                 (0.28 0.225 0.410571042075)
                 (0.28 0.225 0.460571042075)
                 (0.28 0.225 0.510571042075)
                 (0.32 0.225 0.018306578417)
                 (0.32 0.225 0.019306578417)
                 (0.32 0.225 0.021306578417)
                 (0.32 0.225 0.023306578417)
                 (0.32 0.225 0.025306578417)
                 (0.32 0.225 0.028306578417)
                 (0.32 0.225 0.033306578417)
                 (0.32 0.225 0.038306578417)
                 (0.32 0.225 0.043306578417)
                 (0.32 0.225 0.048306578417)
                 (0.32 0.225 0.053306578417)
                 (0.32 0.225 0.063306578417)
                 (0.32 0.225 0.073306578417)
                 (0.32 0.225 0.083306578417)
                 (0.32 0.225 0.093306578417)
                 (0.32 0.225 0.113306578417)
                 (0.32 0.225 0.133306578417)
                 (0.32 0.225 0.163306578417)
                 (0.32 0.225 0.213306578417)
                 (0.32 0.225 0.263306578417)
                 (0.32 0.225 0.313306578417)
                 (0.32 0.225 0.363306578417)
                 (0.32 0.225 0.413306578417)
                 (0.32 0.225 0.463306578417)
                 (0.32 0.225 0.513306578417)
                 (0.36 0.225 0.0245398975431)
                 (0.36 0.225 0.0255398975431)
                 (0.36 0.225 0.0275398975431)
                 (0.36 0.225 0.0295398975431)
                 (0.36 0.225 0.0315398975431)
                 (0.36 0.225 0.0345398975431)
                 (0.36 0.225 0.0395398975431)
                 (0.36 0.225 0.0445398975431)
                 (0.36 0.225 0.0495398975431)
                 (0.36 0.225 0.0545398975431)
                 (0.36 0.225 0.0595398975431)
                 (0.36 0.225 0.0695398975431)
                 (0.36 0.225 0.0795398975431)
                 (0.36 0.225 0.0895398975431)
                 (0.36 0.225 0.0995398975431)
                 (0.36 0.225 0.119539897543)
                 (0.36 0.225 0.139539897543)
                 (0.36 0.225 0.169539897543)
                 (0.36 0.225 0.219539897543)
                 (0.36 0.225 0.269539897543)
                 (0.36 0.225 0.319539897543)
                 (0.36 0.225 0.369539897543)
                 (0.36 0.225 0.419539897543)
                 (0.36 0.225 0.469539897543)
                 (0.36 0.225 0.519539897543)
                 (0.4 0.225 0.027967619335)
                 (0.4 0.225 0.028967619335)
                 (0.4 0.225 0.030967619335)
                 (0.4 0.225 0.032967619335)
                 (0.4 0.225 0.034967619335)
                 (0.4 0.225 0.037967619335)
                 (0.4 0.225 0.042967619335)
                 (0.4 0.225 0.047967619335)
                 (0.4 0.225 0.052967619335)
                 (0.4 0.225 0.057967619335)
                 (0.4 0.225 0.062967619335)
                 (0.4 0.225 0.072967619335)
                 (0.4 0.225 0.082967619335)
                 (0.4 0.225 0.092967619335)
                 (0.4 0.225 0.102967619335)
                 (0.4 0.225 0.122967619335)
                 (0.4 0.225 0.142967619335)
                 (0.4 0.225 0.172967619335)
                 (0.4 0.225 0.222967619335)
                 (0.4 0.225 0.272967619335)
                 (0.4 0.225 0.322967619335)
                 (0.4 0.225 0.372967619335)
                 (0.4 0.225 0.422967619335)
                 (0.4 0.225 0.472967619335)
                 (0.44 0.225 0.0359847796417)
                 (0.44 0.225 0.0369847796417)
                 (0.44 0.225 0.0389847796417)
                 (0.44 0.225 0.0409847796417)
                 (0.44 0.225 0.0429847796417)
                 (0.44 0.225 0.0459847796417)
                 (0.44 0.225 0.0509847796417)
                 (0.44 0.225 0.0559847796417)
                 (0.44 0.225 0.0609847796417)
                 (0.44 0.225 0.0659847796417)
                 (0.44 0.225 0.0709847796417)
                 (0.44 0.225 0.0809847796417)
                 (0.44 0.225 0.0909847796417)
                 (0.44 0.225 0.100984779642)
                 (0.44 0.225 0.110984779642)
                 (0.44 0.225 0.130984779642)
                 (0.44 0.225 0.150984779642)
                 (0.44 0.225 0.180984779642)
                 (0.44 0.225 0.230984779642)
                 (0.44 0.225 0.280984779642)
                 (0.44 0.225 0.330984779642)
                 (0.44 0.225 0.380984779642)
                 (0.44 0.225 0.430984779642)
                 (0.44 0.225 0.480984779642)
                 (0.48 0.225 0.0396307173907)
                 (0.48 0.225 0.0406307173907)
                 (0.48 0.225 0.0426307173907)
                 (0.48 0.225 0.0446307173907)
                 (0.48 0.225 0.0466307173907)
                 (0.48 0.225 0.0496307173907)
                 (0.48 0.225 0.0546307173907)
                 (0.48 0.225 0.0596307173907)
                 (0.48 0.225 0.0646307173907)
                 (0.48 0.225 0.0696307173907)
                 (0.48 0.225 0.0746307173907)
                 (0.48 0.225 0.0846307173907)
                 (0.48 0.225 0.0946307173907)
                 (0.48 0.225 0.104630717391)
                 (0.48 0.225 0.114630717391)
                 (0.48 0.225 0.134630717391)
                 (0.48 0.225 0.154630717391)
                 (0.48 0.225 0.184630717391)
                 (0.48 0.225 0.234630717391)
                 (0.48 0.225 0.284630717391)
                 (0.48 0.225 0.334630717391)
                 (0.48 0.225 0.384630717391)
                 (0.48 0.225 0.434630717391)
                 (0.48 0.225 0.484630717391)
                 (0.52 0.225 0.0481078771462)
                 (0.52 0.225 0.0491078771462)
                 (0.52 0.225 0.0511078771462)
                 (0.52 0.225 0.0531078771462)
                 (0.52 0.225 0.0551078771462)
                 (0.52 0.225 0.0581078771462)
                 (0.52 0.225 0.0631078771462)
                 (0.52 0.225 0.0681078771462)
                 (0.52 0.225 0.0731078771462)
                 (0.52 0.225 0.0781078771462)
                 (0.52 0.225 0.0831078771462)
                 (0.52 0.225 0.0931078771462)
                 (0.52 0.225 0.103107877146)
                 (0.52 0.225 0.113107877146)
                 (0.52 0.225 0.123107877146)
                 (0.52 0.225 0.143107877146)
                 (0.52 0.225 0.163107877146)
                 (0.52 0.225 0.193107877146)
                 (0.52 0.225 0.243107877146)
                 (0.52 0.225 0.293107877146)
                 (0.52 0.225 0.343107877146)
                 (0.52 0.225 0.393107877146)
                 (0.52 0.225 0.443107877146)
                 (0.52 0.225 0.493107877146)
                 (0.56 0.225 0.0512351028936)
                 (0.56 0.225 0.0522351028936)
                 (0.56 0.225 0.0542351028936)
                 (0.56 0.225 0.0562351028936)
                 (0.56 0.225 0.0582351028936)
                 (0.56 0.225 0.0612351028936)
                 (0.56 0.225 0.0662351028936)
                 (0.56 0.225 0.0712351028936)
                 (0.56 0.225 0.0762351028936)
                 (0.56 0.225 0.0812351028936)
                 (0.56 0.225 0.0862351028936)
                 (0.56 0.225 0.0962351028936)
                 (0.56 0.225 0.106235102894)
                 (0.56 0.225 0.116235102894)
                 (0.56 0.225 0.126235102894)
                 (0.56 0.225 0.146235102894)
                 (0.56 0.225 0.166235102894)
                 (0.56 0.225 0.196235102894)
                 (0.56 0.225 0.246235102894)
                 (0.56 0.225 0.296235102894)
                 (0.56 0.225 0.346235102894)
                 (0.56 0.225 0.396235102894)
                 (0.56 0.225 0.446235102894)
                 (0.56 0.225 0.496235102894)
                 (0.6 0.225 0.0582555706446)
                 (0.6 0.225 0.0592555706446)
                 (0.6 0.225 0.0612555706446)
                 (0.6 0.225 0.0632555706446)
                 (0.6 0.225 0.0652555706446)
                 (0.6 0.225 0.0682555706446)
                 (0.6 0.225 0.0732555706446)
                 (0.6 0.225 0.0782555706446)
                 (0.6 0.225 0.0832555706446)
                 (0.6 0.225 0.0882555706446)
                 (0.6 0.225 0.0932555706446)
                 (0.6 0.225 0.103255570645)
                 (0.6 0.225 0.113255570645)
                 (0.6 0.225 0.123255570645)
                 (0.6 0.225 0.133255570645)
                 (0.6 0.225 0.153255570645)
                 (0.6 0.225 0.173255570645)
                 (0.6 0.225 0.203255570645)
                 (0.6 0.225 0.253255570645)
                 (0.6 0.225 0.303255570645)
                 (0.6 0.225 0.353255570645)
                 (0.6 0.225 0.403255570645)
                 (0.6 0.225 0.453255570645)
                 (0.6 0.225 0.503255570645)
                 (0.64 0.225 0.0600886344148)
                 (0.64 0.225 0.0610886344148)
                 (0.64 0.225 0.0630886344148)
                 (0.64 0.225 0.0650886344148)
                 (0.64 0.225 0.0670886344148)
                 (0.64 0.225 0.0700886344148)
                 (0.64 0.225 0.0750886344148)
                 (0.64 0.225 0.0800886344148)
                 (0.64 0.225 0.0850886344148)
                 (0.64 0.225 0.0900886344148)
                 (0.64 0.225 0.0950886344148)
                 (0.64 0.225 0.105088634415)
                 (0.64 0.225 0.115088634415)
                 (0.64 0.225 0.125088634415)
                 (0.64 0.225 0.135088634415)
                 (0.64 0.225 0.155088634415)
                 (0.64 0.225 0.175088634415)
                 (0.64 0.225 0.205088634415)
                 (0.64 0.225 0.255088634415)
                 (0.64 0.225 0.305088634415)
                 (0.64 0.225 0.355088634415)
                 (0.64 0.225 0.405088634415)
                 (0.64 0.225 0.455088634415)
                 (0.64 0.225 0.505088634415)
                 (0.68 0.225 0.0638143346662)
                 (0.68 0.225 0.0648143346662)
                 (0.68 0.225 0.0668143346662)
                 (0.68 0.225 0.0688143346662)
                 (0.68 0.225 0.0708143346662)
                 (0.68 0.225 0.0738143346662)
                 (0.68 0.225 0.0788143346662)
                 (0.68 0.225 0.0838143346662)
                 (0.68 0.225 0.0888143346662)
                 (0.68 0.225 0.0938143346662)
                 (0.68 0.225 0.0988143346662)
                 (0.68 0.225 0.108814334666)
                 (0.68 0.225 0.118814334666)
                 (0.68 0.225 0.128814334666)
                 (0.68 0.225 0.138814334666)
                 (0.68 0.225 0.158814334666)
                 (0.68 0.225 0.178814334666)
                 (0.68 0.225 0.208814334666)
                 (0.68 0.225 0.258814334666)
                 (0.68 0.225 0.308814334666)
                 (0.68 0.225 0.358814334666)
                 (0.68 0.225 0.408814334666)
                 (0.68 0.225 0.458814334666)
                 (0.68 0.225 0.508814334666)
                 (0.72 0.225 0.0448731727761)
                 (0.72 0.225 0.0458731727761)
                 (0.72 0.225 0.0478731727761)
                 (0.72 0.225 0.0498731727761)
                 (0.72 0.225 0.0518731727761)
                 (0.72 0.225 0.0548731727761)
                 (0.72 0.225 0.0598731727761)
                 (0.72 0.225 0.0648731727761)
                 (0.72 0.225 0.0698731727761)
                 (0.72 0.225 0.0748731727761)
                 (0.72 0.225 0.0798731727761)
                 (0.72 0.225 0.0898731727761)
                 (0.72 0.225 0.0998731727761)
                 (0.72 0.225 0.109873172776)
                 (0.72 0.225 0.119873172776)
                 (0.72 0.225 0.139873172776)
                 (0.72 0.225 0.159873172776)
                 (0.72 0.225 0.189873172776)
                 (0.72 0.225 0.239873172776)
                 (0.72 0.225 0.289873172776)
                 (0.72 0.225 0.339873172776)
                 (0.72 0.225 0.389873172776)
                 (0.72 0.225 0.439873172776)
                 (0.72 0.225 0.489873172776)
                 (0.76 0.225 0.0280610414112)
                 (0.76 0.225 0.0290610414112)
                 (0.76 0.225 0.0310610414112)
                 (0.76 0.225 0.0330610414112)
                 (0.76 0.225 0.0350610414112)
                 (0.76 0.225 0.0380610414112)
                 (0.76 0.225 0.0430610414112)
                 (0.76 0.225 0.0480610414112)
                 (0.76 0.225 0.0530610414112)
                 (0.76 0.225 0.0580610414112)
                 (0.76 0.225 0.0630610414112)
                 (0.76 0.225 0.0730610414112)
                 (0.76 0.225 0.0830610414112)
                 (0.76 0.225 0.0930610414112)
                 (0.76 0.225 0.103061041411)
                 (0.76 0.225 0.123061041411)
                 (0.76 0.225 0.143061041411)
                 (0.76 0.225 0.173061041411)
                 (0.76 0.225 0.223061041411)
                 (0.76 0.225 0.273061041411)
                 (0.76 0.225 0.323061041411)
                 (0.76 0.225 0.373061041411)
                 (0.76 0.225 0.423061041411)
                 (0.76 0.225 0.473061041411)
                 (0.76 0.225 0.523061041411)
                 (0.8 0.225 0.00516579589627)
                 (0.8 0.225 0.00616579589627)
                 (0.8 0.225 0.00816579589627)
                 (0.8 0.225 0.0101657958963)
                 (0.8 0.225 0.0121657958963)
                 (0.8 0.225 0.0151657958963)
                 (0.8 0.225 0.0201657958963)
                 (0.8 0.225 0.0251657958963)
                 (0.8 0.225 0.0301657958963)
                 (0.8 0.225 0.0351657958963)
                 (0.8 0.225 0.0401657958963)
                 (0.8 0.225 0.0501657958963)
                 (0.8 0.225 0.0601657958963)
                 (0.8 0.225 0.0701657958963)
                 (0.8 0.225 0.0801657958963)
                 (0.8 0.225 0.100165795896)
                 (0.8 0.225 0.120165795896)
                 (0.8 0.225 0.150165795896)
                 (0.8 0.225 0.200165795896)
                 (0.8 0.225 0.250165795896)
                 (0.8 0.225 0.300165795896)
                 (0.8 0.225 0.350165795896)
                 (0.8 0.225 0.400165795896)
                 (0.8 0.225 0.450165795896)
                 (0.8 0.225 0.500165795896)
                 (0.84 0.225 0.00510738840132)
                 (0.84 0.225 0.00610738840132)
                 (0.84 0.225 0.00810738840132)
                 (0.84 0.225 0.0101073884013)
                 (0.84 0.225 0.0121073884013)
                 (0.84 0.225 0.0151073884013)
                 (0.84 0.225 0.0201073884013)
                 (0.84 0.225 0.0251073884013)
                 (0.84 0.225 0.0301073884013)
                 (0.84 0.225 0.0351073884013)
                 (0.84 0.225 0.0401073884013)
                 (0.84 0.225 0.0501073884013)
                 (0.84 0.225 0.0601073884013)
                 (0.84 0.225 0.0701073884013)
                 (0.84 0.225 0.0801073884013)
                 (0.84 0.225 0.100107388401)
                 (0.84 0.225 0.120107388401)
                 (0.84 0.225 0.150107388401)
                 (0.84 0.225 0.200107388401)
                 (0.84 0.225 0.250107388401)
                 (0.84 0.225 0.300107388401)
                 (0.84 0.225 0.350107388401)
                 (0.84 0.225 0.400107388401)
                 (0.84 0.225 0.450107388401)
                 (0.84 0.225 0.500107388401)
                 (0.88 0.225 0.00557461959672)
                 (0.88 0.225 0.00657461959672)
                 (0.88 0.225 0.00857461959672)
                 (0.88 0.225 0.0105746195967)
                 (0.88 0.225 0.0125746195967)
                 (0.88 0.225 0.0155746195967)
                 (0.88 0.225 0.0205746195967)
                 (0.88 0.225 0.0255746195967)
                 (0.88 0.225 0.0305746195967)
                 (0.88 0.225 0.0355746195967)
                 (0.88 0.225 0.0405746195967)
                 (0.88 0.225 0.0505746195967)
                 (0.88 0.225 0.0605746195967)
                 (0.88 0.225 0.0705746195967)
                 (0.88 0.225 0.0805746195967)
                 (0.88 0.225 0.100574619597)
                 (0.88 0.225 0.120574619597)
                 (0.88 0.225 0.150574619597)
                 (0.88 0.225 0.200574619597)
                 (0.88 0.225 0.250574619597)
                 (0.88 0.225 0.300574619597)
                 (0.88 0.225 0.350574619597)
                 (0.88 0.225 0.400574619597)
                 (0.88 0.225 0.450574619597)
                 (0.88 0.225 0.500574619597)
                 (0.92 0.225 0.00643896920317)
                 (0.92 0.225 0.00743896920317)
                 (0.92 0.225 0.00943896920317)
                 (0.92 0.225 0.0114389692032)
                 (0.92 0.225 0.0134389692032)
                 (0.92 0.225 0.0164389692032)
                 (0.92 0.225 0.0214389692032)
                 (0.92 0.225 0.0264389692032)
                 (0.92 0.225 0.0314389692032)
                 (0.92 0.225 0.0364389692032)
                 (0.92 0.225 0.0414389692032)
                 (0.92 0.225 0.0514389692032)
                 (0.92 0.225 0.0614389692032)
                 (0.92 0.225 0.0714389692032)
                 (0.92 0.225 0.0814389692032)
                 (0.92 0.225 0.101438969203)
                 (0.92 0.225 0.121438969203)
                 (0.92 0.225 0.151438969203)
                 (0.92 0.225 0.201438969203)
                 (0.92 0.225 0.251438969203)
                 (0.92 0.225 0.301438969203)
                 (0.92 0.225 0.351438969203)
                 (0.92 0.225 0.401438969203)
                 (0.92 0.225 0.451438969203)
                 (0.92 0.225 0.501438969203)
                 (0.96 0.225 0.00752346982305)
                 (0.96 0.225 0.00852346982305)
                 (0.96 0.225 0.010523469823)
                 (0.96 0.225 0.012523469823)
                 (0.96 0.225 0.014523469823)
                 (0.96 0.225 0.017523469823)
                 (0.96 0.225 0.022523469823)
                 (0.96 0.225 0.027523469823)
                 (0.96 0.225 0.032523469823)
                 (0.96 0.225 0.037523469823)
                 (0.96 0.225 0.042523469823)
                 (0.96 0.225 0.052523469823)
                 (0.96 0.225 0.062523469823)
                 (0.96 0.225 0.072523469823)
                 (0.96 0.225 0.082523469823)
                 (0.96 0.225 0.102523469823)
                 (0.96 0.225 0.122523469823)
                 (0.96 0.225 0.152523469823)
                 (0.96 0.225 0.202523469823)
                 (0.96 0.225 0.252523469823)
                 (0.96 0.225 0.302523469823)
                 (0.96 0.225 0.352523469823)
                 (0.96 0.225 0.402523469823)
                 (0.96 0.225 0.452523469823)
                 (0.96 0.225 0.502523469823)
                 (1.0 0.225 0.00966194673408)
                 (1.0 0.225 0.0106619467341)
                 (1.0 0.225 0.0126619467341)
                 (1.0 0.225 0.0146619467341)
                 (1.0 0.225 0.0166619467341)
                 (1.0 0.225 0.0196619467341)
                 (1.0 0.225 0.0246619467341)
                 (1.0 0.225 0.0296619467341)
                 (1.0 0.225 0.0346619467341)
                 (1.0 0.225 0.0396619467341)
                 (1.0 0.225 0.0446619467341)
                 (1.0 0.225 0.0546619467341)
                 (1.0 0.225 0.0646619467341)
                 (1.0 0.225 0.0746619467341)
                 (1.0 0.225 0.0846619467341)
                 (1.0 0.225 0.104661946734)
                 (1.0 0.225 0.124661946734)
                 (1.0 0.225 0.154661946734)
                 (1.0 0.225 0.204661946734)
                 (1.0 0.225 0.254661946734)
                 (1.0 0.225 0.304661946734)
                 (1.0 0.225 0.354661946734)
                 (1.0 0.225 0.404661946734)
                 (1.0 0.225 0.454661946734)
                 (1.0 0.225 0.504661946734)
                 (1.04 0.225 0.0115407899726)
                 (1.04 0.225 0.0125407899726)
                 (1.04 0.225 0.0145407899726)
                 (1.04 0.225 0.0165407899726)
                 (1.04 0.225 0.0185407899726)
                 (1.04 0.225 0.0215407899726)
                 (1.04 0.225 0.0265407899726)
                 (1.04 0.225 0.0315407899726)
                 (1.04 0.225 0.0365407899726)
                 (1.04 0.225 0.0415407899726)
                 (1.04 0.225 0.0465407899726)
                 (1.04 0.225 0.0565407899726)
                 (1.04 0.225 0.0665407899726)
                 (1.04 0.225 0.0765407899726)
                 (1.04 0.225 0.0865407899726)
                 (1.04 0.225 0.106540789973)
                 (1.04 0.225 0.126540789973)
                 (1.04 0.225 0.156540789973)
                 (1.04 0.225 0.206540789973)
                 (1.04 0.225 0.256540789973)
                 (1.04 0.225 0.306540789973)
                 (1.04 0.225 0.356540789973)
                 (1.04 0.225 0.406540789973)
                 (1.04 0.225 0.456540789973)
                 (1.04 0.225 0.506540789973)
                 (1.08 0.225 0.015570838643)
                 (1.08 0.225 0.016570838643)
                 (1.08 0.225 0.018570838643)
                 (1.08 0.225 0.020570838643)
                 (1.08 0.225 0.022570838643)
                 (1.08 0.225 0.025570838643)
                 (1.08 0.225 0.030570838643)
                 (1.08 0.225 0.035570838643)
                 (1.08 0.225 0.040570838643)
                 (1.08 0.225 0.045570838643)
                 (1.08 0.225 0.050570838643)
                 (1.08 0.225 0.060570838643)
                 (1.08 0.225 0.070570838643)
                 (1.08 0.225 0.080570838643)
                 (1.08 0.225 0.090570838643)
                 (1.08 0.225 0.110570838643)
                 (1.08 0.225 0.130570838643)
                 (1.08 0.225 0.160570838643)
                 (1.08 0.225 0.210570838643)
                 (1.08 0.225 0.260570838643)
                 (1.08 0.225 0.310570838643)
                 (1.08 0.225 0.360570838643)
                 (1.08 0.225 0.410570838643)
                 (1.08 0.225 0.460570838643)
                 (1.08 0.225 0.510570838643)
                 (1.12 0.225 0.018306397273)
                 (1.12 0.225 0.019306397273)
                 (1.12 0.225 0.021306397273)
                 (1.12 0.225 0.023306397273)
                 (1.12 0.225 0.025306397273)
                 (1.12 0.225 0.028306397273)
                 (1.12 0.225 0.033306397273)
                 (1.12 0.225 0.038306397273)
                 (1.12 0.225 0.043306397273)
                 (1.12 0.225 0.048306397273)
                 (1.12 0.225 0.053306397273)
                 (1.12 0.225 0.063306397273)
                 (1.12 0.225 0.073306397273)
                 (1.12 0.225 0.083306397273)
                 (1.12 0.225 0.093306397273)
                 (1.12 0.225 0.113306397273)
                 (1.12 0.225 0.133306397273)
                 (1.12 0.225 0.163306397273)
                 (1.12 0.225 0.213306397273)
                 (1.12 0.225 0.263306397273)
                 (1.12 0.225 0.313306397273)
                 (1.12 0.225 0.363306397273)
                 (1.12 0.225 0.413306397273)
                 (1.12 0.225 0.463306397273)
                 (1.12 0.225 0.513306397273)
                 (1.16 0.225 0.0245399975837)
                 (1.16 0.225 0.0255399975837)
                 (1.16 0.225 0.0275399975837)
                 (1.16 0.225 0.0295399975837)
                 (1.16 0.225 0.0315399975837)
                 (1.16 0.225 0.0345399975837)
                 (1.16 0.225 0.0395399975837)
                 (1.16 0.225 0.0445399975837)
                 (1.16 0.225 0.0495399975837)
                 (1.16 0.225 0.0545399975837)
                 (1.16 0.225 0.0595399975837)
                 (1.16 0.225 0.0695399975837)
                 (1.16 0.225 0.0795399975837)
                 (1.16 0.225 0.0895399975837)
                 (1.16 0.225 0.0995399975837)
                 (1.16 0.225 0.119539997584)
                 (1.16 0.225 0.139539997584)
                 (1.16 0.225 0.169539997584)
                 (1.16 0.225 0.219539997584)
                 (1.16 0.225 0.269539997584)
                 (1.16 0.225 0.319539997584)
                 (1.16 0.225 0.369539997584)
                 (1.16 0.225 0.419539997584)
                 (1.16 0.225 0.469539997584)
                 (1.16 0.225 0.519539997584)
                 (1.2 0.225 0.0279676811301)
                 (1.2 0.225 0.0289676811301)
                 (1.2 0.225 0.0309676811301)
                 (1.2 0.225 0.0329676811301)
                 (1.2 0.225 0.0349676811301)
                 (1.2 0.225 0.0379676811301)
                 (1.2 0.225 0.0429676811301)
                 (1.2 0.225 0.0479676811301)
                 (1.2 0.225 0.0529676811301)
                 (1.2 0.225 0.0579676811301)
                 (1.2 0.225 0.0629676811301)
                 (1.2 0.225 0.0729676811301)
                 (1.2 0.225 0.0829676811301)
                 (1.2 0.225 0.0929676811301)
                 (1.2 0.225 0.10296768113)
                 (1.2 0.225 0.12296768113)
                 (1.2 0.225 0.14296768113)
                 (1.2 0.225 0.17296768113)
                 (1.2 0.225 0.22296768113)
                 (1.2 0.225 0.27296768113)
                 (1.2 0.225 0.32296768113)
                 (1.2 0.225 0.37296768113)
                 (1.2 0.225 0.42296768113)
                 (1.2 0.225 0.47296768113)
                 (1.24 0.225 0.03598462916)
                 (1.24 0.225 0.03698462916)
                 (1.24 0.225 0.03898462916)
                 (1.24 0.225 0.04098462916)
                 (1.24 0.225 0.04298462916)
                 (1.24 0.225 0.04598462916)
                 (1.24 0.225 0.05098462916)
                 (1.24 0.225 0.05598462916)
                 (1.24 0.225 0.06098462916)
                 (1.24 0.225 0.06598462916)
                 (1.24 0.225 0.07098462916)
                 (1.24 0.225 0.08098462916)
                 (1.24 0.225 0.09098462916)
                 (1.24 0.225 0.10098462916)
                 (1.24 0.225 0.11098462916)
                 (1.24 0.225 0.13098462916)
                 (1.24 0.225 0.15098462916)
                 (1.24 0.225 0.18098462916)
                 (1.24 0.225 0.23098462916)
                 (1.24 0.225 0.28098462916)
                 (1.24 0.225 0.33098462916)
                 (1.24 0.225 0.38098462916)
                 (1.24 0.225 0.43098462916)
                 (1.24 0.225 0.48098462916)
                 (1.28 0.225 0.0396309478431)
                 (1.28 0.225 0.0406309478431)
                 (1.28 0.225 0.0426309478431)
                 (1.28 0.225 0.0446309478431)
                 (1.28 0.225 0.0466309478431)
                 (1.28 0.225 0.0496309478431)
                 (1.28 0.225 0.0546309478431)
                 (1.28 0.225 0.0596309478431)
                 (1.28 0.225 0.0646309478431)
                 (1.28 0.225 0.0696309478431)
                 (1.28 0.225 0.0746309478431)
                 (1.28 0.225 0.0846309478431)
                 (1.28 0.225 0.0946309478431)
                 (1.28 0.225 0.104630947843)
                 (1.28 0.225 0.114630947843)
                 (1.28 0.225 0.134630947843)
                 (1.28 0.225 0.154630947843)
                 (1.28 0.225 0.184630947843)
                 (1.28 0.225 0.234630947843)
                 (1.28 0.225 0.284630947843)
                 (1.28 0.225 0.334630947843)
                 (1.28 0.225 0.384630947843)
                 (1.28 0.225 0.434630947843)
                 (1.28 0.225 0.484630947843)
                 (1.32 0.225 0.0481075778767)
                 (1.32 0.225 0.0491075778767)
                 (1.32 0.225 0.0511075778767)
                 (1.32 0.225 0.0531075778767)
                 (1.32 0.225 0.0551075778767)
                 (1.32 0.225 0.0581075778767)
                 (1.32 0.225 0.0631075778767)
                 (1.32 0.225 0.0681075778767)
                 (1.32 0.225 0.0731075778767)
                 (1.32 0.225 0.0781075778767)
                 (1.32 0.225 0.0831075778767)
                 (1.32 0.225 0.0931075778767)
                 (1.32 0.225 0.103107577877)
                 (1.32 0.225 0.113107577877)
                 (1.32 0.225 0.123107577877)
                 (1.32 0.225 0.143107577877)
                 (1.32 0.225 0.163107577877)
                 (1.32 0.225 0.193107577877)
                 (1.32 0.225 0.243107577877)
                 (1.32 0.225 0.293107577877)
                 (1.32 0.225 0.343107577877)
                 (1.32 0.225 0.393107577877)
                 (1.32 0.225 0.443107577877)
                 (1.32 0.225 0.493107577877)
                 (1.36 0.225 0.0512344896687)
                 (1.36 0.225 0.0522344896687)
                 (1.36 0.225 0.0542344896687)
                 (1.36 0.225 0.0562344896687)
                 (1.36 0.225 0.0582344896687)
                 (1.36 0.225 0.0612344896687)
                 (1.36 0.225 0.0662344896687)
                 (1.36 0.225 0.0712344896687)
                 (1.36 0.225 0.0762344896687)
                 (1.36 0.225 0.0812344896687)
                 (1.36 0.225 0.0862344896687)
                 (1.36 0.225 0.0962344896687)
                 (1.36 0.225 0.106234489669)
                 (1.36 0.225 0.116234489669)
                 (1.36 0.225 0.126234489669)
                 (1.36 0.225 0.146234489669)
                 (1.36 0.225 0.166234489669)
                 (1.36 0.225 0.196234489669)
                 (1.36 0.225 0.246234489669)
                 (1.36 0.225 0.296234489669)
                 (1.36 0.225 0.346234489669)
                 (1.36 0.225 0.396234489669)
                 (1.36 0.225 0.446234489669)
                 (1.36 0.225 0.496234489669)
                 (1.4 0.225 0.0582551308062)
                 (1.4 0.225 0.0592551308062)
                 (1.4 0.225 0.0612551308062)
                 (1.4 0.225 0.0632551308062)
                 (1.4 0.225 0.0652551308062)
                 (1.4 0.225 0.0682551308062)
                 (1.4 0.225 0.0732551308062)
                 (1.4 0.225 0.0782551308062)
                 (1.4 0.225 0.0832551308062)
                 (1.4 0.225 0.0882551308062)
                 (1.4 0.225 0.0932551308062)
                 (1.4 0.225 0.103255130806)
                 (1.4 0.225 0.113255130806)
                 (1.4 0.225 0.123255130806)
                 (1.4 0.225 0.133255130806)
                 (1.4 0.225 0.153255130806)
                 (1.4 0.225 0.173255130806)
                 (1.4 0.225 0.203255130806)
                 (1.4 0.225 0.253255130806)
                 (1.4 0.225 0.303255130806)
                 (1.4 0.225 0.353255130806)
                 (1.4 0.225 0.403255130806)
                 (1.4 0.225 0.453255130806)
                 (1.4 0.225 0.503255130806)
                 (1.44 0.225 0.0600897595603)
                 (1.44 0.225 0.0610897595603)
                 (1.44 0.225 0.0630897595603)
                 (1.44 0.225 0.0650897595603)
                 (1.44 0.225 0.0670897595603)
                 (1.44 0.225 0.0700897595603)
                 (1.44 0.225 0.0750897595603)
                 (1.44 0.225 0.0800897595603)
                 (1.44 0.225 0.0850897595603)
                 (1.44 0.225 0.0900897595603)
                 (1.44 0.225 0.0950897595603)
                 (1.44 0.225 0.10508975956)
                 (1.44 0.225 0.11508975956)
                 (1.44 0.225 0.12508975956)
                 (1.44 0.225 0.13508975956)
                 (1.44 0.225 0.15508975956)
                 (1.44 0.225 0.17508975956)
                 (1.44 0.225 0.20508975956)
                 (1.44 0.225 0.25508975956)
                 (1.44 0.225 0.30508975956)
                 (1.44 0.225 0.35508975956)
                 (1.44 0.225 0.40508975956)
                 (1.44 0.225 0.45508975956)
                 (1.44 0.225 0.50508975956)
                 (1.48 0.225 0.0638333954394)
                 (1.48 0.225 0.0648333954394)
                 (1.48 0.225 0.0668333954394)
                 (1.48 0.225 0.0688333954394)
                 (1.48 0.225 0.0708333954394)
                 (1.48 0.225 0.0738333954394)
                 (1.48 0.225 0.0788333954394)
                 (1.48 0.225 0.0838333954394)
                 (1.48 0.225 0.0888333954394)
                 (1.48 0.225 0.0938333954394)
                 (1.48 0.225 0.0988333954394)
                 (1.48 0.225 0.108833395439)
                 (1.48 0.225 0.118833395439)
                 (1.48 0.225 0.128833395439)
                 (1.48 0.225 0.138833395439)
                 (1.48 0.225 0.158833395439)
                 (1.48 0.225 0.178833395439)
                 (1.48 0.225 0.208833395439)
                 (1.48 0.225 0.258833395439)
                 (1.48 0.225 0.308833395439)
                 (1.48 0.225 0.358833395439)
                 (1.48 0.225 0.408833395439)
                 (1.48 0.225 0.458833395439)
                 (1.48 0.225 0.508833395439)
                 (1.52 0.225 0.0511392068813)
                 (1.52 0.225 0.0521392068813)
                 (1.52 0.225 0.0541392068813)
                 (1.52 0.225 0.0561392068813)
                 (1.52 0.225 0.0581392068813)
                 (1.52 0.225 0.0611392068813)
                 (1.52 0.225 0.0661392068813)
                 (1.52 0.225 0.0711392068813)
                 (1.52 0.225 0.0761392068813)
                 (1.52 0.225 0.0811392068813)
                 (1.52 0.225 0.0861392068813)
                 (1.52 0.225 0.0961392068813)
                 (1.52 0.225 0.106139206881)
                 (1.52 0.225 0.116139206881)
                 (1.52 0.225 0.126139206881)
                 (1.52 0.225 0.146139206881)
                 (1.52 0.225 0.166139206881)
                 (1.52 0.225 0.196139206881)
                 (1.52 0.225 0.246139206881)
                 (1.52 0.225 0.296139206881)
                 (1.52 0.225 0.346139206881)
                 (1.52 0.225 0.396139206881)
                 (1.52 0.225 0.446139206881)
                 (1.52 0.225 0.496139206881)
                 (1.56 0.225 0.0280992507444)
                 (1.56 0.225 0.0290992507444)
                 (1.56 0.225 0.0310992507444)
                 (1.56 0.225 0.0330992507444)
                 (1.56 0.225 0.0350992507444)
                 (1.56 0.225 0.0380992507444)
                 (1.56 0.225 0.0430992507444)
                 (1.56 0.225 0.0480992507444)
                 (1.56 0.225 0.0530992507444)
                 (1.56 0.225 0.0580992507444)
                 (1.56 0.225 0.0630992507444)
                 (1.56 0.225 0.0730992507444)
                 (1.56 0.225 0.0830992507444)
                 (1.56 0.225 0.0930992507444)
                 (1.56 0.225 0.103099250744)
                 (1.56 0.225 0.123099250744)
                 (1.56 0.225 0.143099250744)
                 (1.56 0.225 0.173099250744)
                 (1.56 0.225 0.223099250744)
                 (1.56 0.225 0.273099250744)
                 (1.56 0.225 0.323099250744)
                 (1.56 0.225 0.373099250744)
                 (1.56 0.225 0.423099250744)
                 (1.56 0.225 0.473099250744)
                 (1.56 0.225 0.523099250744)
                 (1.6 0.225 0.00679690346988)
                 (1.6 0.225 0.00779690346988)
                 (1.6 0.225 0.00979690346988)
                 (1.6 0.225 0.0117969034699)
                 (1.6 0.225 0.0137969034699)
                 (1.6 0.225 0.0167969034699)
                 (1.6 0.225 0.0217969034699)
                 (1.6 0.225 0.0267969034699)
                 (1.6 0.225 0.0317969034699)
                 (1.6 0.225 0.0367969034699)
                 (1.6 0.225 0.0417969034699)
                 (1.6 0.225 0.0517969034699)
                 (1.6 0.225 0.0617969034699)
                 (1.6 0.225 0.0717969034699)
                 (1.6 0.225 0.0817969034699)
                 (1.6 0.225 0.10179690347)
                 (1.6 0.225 0.12179690347)
                 (1.6 0.225 0.15179690347)
                 (1.6 0.225 0.20179690347)
                 (1.6 0.225 0.25179690347)
                 (1.6 0.225 0.30179690347)
                 (1.6 0.225 0.35179690347)
                 (1.6 0.225 0.40179690347)
                 (1.6 0.225 0.45179690347)
                 (1.6 0.225 0.50179690347)
);
    }
);
// *********************************************************************** //